Code/Utils/met2ecsv_test_cases/2023/2023-08-11T08_26_49_Mirfit_02T.ecsv
# %ECSV 0.9
# ---
# datatype:
# - {name: datetime, datatype: string}
# - {name: ra, unit: deg, datatype: float64}
# - {name: dec, unit: deg, datatype: float64}
# - {name: azimuth, datatype: float64}
# - {name: altitude, datatype: float64}
# - {name: x_image, unit: pix, datatype: float64}
# - {name: y_image, unit: pix, datatype: float64}
# - {name: integrated_pixel_value, datatype: int64}
# - {name: mag_data, datatype: float64}
# delimiter: ','
# meta: !!omap
# - {obs_latitude: 43.1929}
# - {obs_longitude: -81.3157}
# - {obs_elevation: 324.0000}
# - {origin: 'Mirfit'}
# - {camera_id: '02T'}
# - {cx: 65536}
# - {cy: 65536}
# - {photometric_band: 'STARS9TH_VBVRI R band'}
# - {image_file: 'ev_20230811_082649A_02T.vid'}
# - {isodate_start_obs: '2023-08-11T08:26:49.936545'}
# - {astrometry_number_stars: 52}
# - {mag_label: 'mag_data'}
# - {no_frags: 1}
# - {obs_az: 345.73457283658064}
# - {obs_ev: 48.09117396249448}
# - {obs_rot: 0.00000000000000}
# - {fov_horiz: 14.754961247941647}
# - {fov_vert: 14.752316747496725}
# schema: astropy-2.0
datetime,ra,dec,azimuth,altitude,x_image,y_image,integrated_pixel_value,mag_data
2023-08-11T08:26:49.227663,57.535443,+86.732223,3.702319,+44.979398,	512.800,	417.900,	250726,	+3.00
2023-08-11T08:26:49.237683,57.990017,+86.847368,3.588306,+44.893426,	511.600,	415.300,	208161,	+3.20
2023-08-11T08:26:49.247703,58.472658,+86.963620,3.472824,+44.806886,	510.200,	411.900,	208353,	+3.20
2023-08-11T08:26:49.257723,59.001146,+87.080414,3.357074,+44.719486,	508.400,	408.200,	196065,	+3.27
2023-08-11T08:26:49.267743,59.574086,+87.197689,3.240806,+44.631542,	506.400,	404.100,	154170,	+3.53
2023-08-11T08:26:49.277763,60.202029,+87.315714,3.123818,+44.542717,	504.000,	399.500,	122914,	+3.78
2023-08-11T08:26:49.287784,60.893661,+87.434084,3.006556,+44.453176,	501.300,	394.600,	102612,	+3.97
2023-08-11T08:26:49.297804,61.661823,+87.552788,2.889064,+44.362774,	498.200,	389.400,	83176,	+4.20
2023-08-11T08:26:49.307824,62.506085,+87.671679,2.771067,+44.271984,	495.000,	383.800,	87257,	+4.15
2023-08-11T08:26:49.317844,63.441344,+87.790599,2.652730,+44.180770,	491.677,	377.870,	64447,	+4.48
2023-08-11T08:26:49.327864,64.490952,+87.909360,2.534354,+44.088932,	488.103,	371.730,	44545,	+4.88
2023-08-11T08:26:49.337884,65.682820,+88.027617,2.416356,+43.996343,	484.187,	365.554,	36041,	+5.11
2023-08-11T08:26:49.347904,67.027563,+88.146022,2.297373,+43.903100,	480.031,	358.756,	36983,	+5.08
2023-08-11T08:26:49.357925,68.576846,+88.263395,2.178989,+43.809072,	475.500,	352.000,	23270,	+5.58
2023-08-11T08:26:49.367944,70.331806,+88.378842,2.061318,+43.715558,	471.402,	345.423,	15893,	+6.00
2023-08-11T08:26:49.377965,72.323785,+88.492511,1.943660,+43.622664,	467.800,	338.700,	8559,	+6.67
2023-08-11T08:26:49.387985,74.651393,+88.604938,1.825376,+43.529042,	463.900,	331.500,	8559,	+6.67
2023-08-11T08:26:49.398005,77.440179,+88.713752,1.709167,+43.434285,	459.369,	324.981,	5959,	+7.06
