Code/Utils/met2ecsv_test_cases/2023/2023-08-11T08_26_49_Mirfit_01T.ecsv
# %ECSV 0.9
# ---
# datatype:
# - {name: datetime, datatype: string}
# - {name: ra, unit: deg, datatype: float64}
# - {name: dec, unit: deg, datatype: float64}
# - {name: azimuth, datatype: float64}
# - {name: altitude, datatype: float64}
# - {name: x_image, unit: pix, datatype: float64}
# - {name: y_image, unit: pix, datatype: float64}
# - {name: integrated_pixel_value, datatype: int64}
# - {name: mag_data, datatype: float64}
# delimiter: ','
# meta: !!omap
# - {obs_latitude: 43.2642}
# - {obs_longitude: -80.7721}
# - {obs_elevation: 329.0000}
# - {origin: 'Mirfit'}
# - {camera_id: '01T'}
# - {cx: 900}
# - {cy: 900}
# - {photometric_band: 'STARS9TH_VBVRI R band'}
# - {image_file: 'ev_20230811_082649A_01T.vid'}
# - {isodate_start_obs: '2023-08-11T08:26:49.938796'}
# - {astrometry_number_stars: 52}
# - {mag_label: 'mag_data'}
# - {no_frags: 1}
# - {obs_az: 334.00011071340379}
# - {obs_ev: 47.78899602134248}
# - {obs_rot: 0.00000000000000}
# - {fov_horiz: 14.754961247941647}
# - {fov_vert: 14.752316747496725}
# schema: astropy-2.0
datetime,ra,dec,azimuth,altitude,x_image,y_image,integrated_pixel_value,mag_data
2023-08-11T08:26:49.228099,290.749900,+74.388487,338.378246,+45.354869,	448.300,	482.100,	332966,	+2.69
2023-08-11T08:26:49.238118,290.319738,+74.278929,338.222181,+45.239007,	445.200,	475.800,	335738,	+2.69
2023-08-11T08:26:49.248139,289.891716,+74.168312,338.066446,+45.121926,	441.600,	469.300,	290001,	+2.84
2023-08-11T08:26:49.258159,289.466768,+74.055592,337.909570,+45.003857,	437.700,	462.000,	228244,	+3.10
2023-08-11T08:26:49.268179,289.044951,+73.942337,337.753773,+44.884836,	433.400,	454.800,	198061,	+3.26
2023-08-11T08:26:49.278199,288.626093,+73.826627,337.596355,+44.764758,	428.800,	446.600,	149830,	+3.56
2023-08-11T08:26:49.288219,288.212631,+73.709620,337.438911,+44.644325,	424.200,	438.100,	134029,	+3.68
2023-08-11T08:26:49.298239,287.801274,+73.591069,337.281149,+44.522605,	419.100,	429.100,	116520,	+3.83
2023-08-11T08:26:49.308259,287.393025,+73.471994,337.124485,+44.399934,	413.600,	420.200,	106561,	+3.93
2023-08-11T08:26:49.318279,286.987165,+73.350145,336.965800,+44.275959,	407.700,	410.100,	73384,	+4.34
2023-08-11T08:26:49.328299,286.589336,+73.227662,336.807910,+44.152433,	402.200,	400.100,	67671,	+4.42
2023-08-11T08:26:49.338319,286.191861,+73.103860,336.650088,+44.027116,	395.900,	389.700,	52723,	+4.70
2023-08-11T08:26:49.348339,285.801700,+72.979641,336.493333,+43.902106,	389.900,	379.500,	38512,	+5.04
2023-08-11T08:26:49.358359,285.416125,+72.854203,336.336607,+43.776562,	383.800,	369.000,	41802,	+4.95
2023-08-11T08:26:49.368379,285.035226,+72.728252,336.180860,+43.650601,	377.600,	358.600,	33978,	+5.17
2023-08-11T08:26:49.378399,284.660631,+72.601255,336.025256,+43.524667,	371.600,	348.000,	21597,	+5.66
2023-08-11T08:26:49.388420,284.292243,+72.473562,335.870240,+43.398800,	365.800,	337.400,	13050,	+6.21
2023-08-11T08:26:49.398439,283.928955,+72.345595,335.716410,+43.272757,	360.000,	327.000,	11397,	+6.36
2023-08-11T08:26:49.408460,283.568722,+72.216810,335.563123,+43.145875,	353.900,	316.500,	7691,	+6.79
