Code/Utils/met2ecsv_test_cases/2023/2023-08-11T08_26_49_Mirfit_01T.ecsv
# %ECSV 0.9
# ---
# datatype:
# - {name: datetime, datatype: string}
# - {name: ra, unit: deg, datatype: float64}
# - {name: dec, unit: deg, datatype: float64}
# - {name: azimuth, datatype: float64}
# - {name: altitude, datatype: float64}
# - {name: x_image, unit: pix, datatype: float64}
# - {name: y_image, unit: pix, datatype: float64}
# - {name: integrated_pixel_value, datatype: int64}
# - {name: mag_data, datatype: float64}
# delimiter: ','
# meta: !!omap
# - {obs_latitude: 43.2642}
# - {obs_longitude: -80.7721}
# - {obs_elevation: 329.0000}
# - {origin: 'Mirfit'}
# - {camera_id: '01T'}
# - {cx: 65536}
# - {cy: 65536}
# - {photometric_band: 'STARS9TH_VBVRI R band'}
# - {image_file: 'ev_20230811_082649A_01T.vid'}
# - {isodate_start_obs: '2023-08-11T08:26:49.938796'}
# - {astrometry_number_stars: 52}
# - {mag_label: 'mag_data'}
# - {no_frags: 1}
# - {obs_az: 334.00011071340379}
# - {obs_ev: 47.78899602134248}
# - {obs_rot: 0.00000000000000}
# - {fov_horiz: 14.754961247941647}
# - {fov_vert: 14.752316747496725}
# schema: astropy-2.0
datetime,ra,dec,azimuth,altitude,x_image,y_image,integrated_pixel_value,mag_data
2023-08-11T08:26:49.216761,290.808433,+74.388372,338.378246,+45.354869,	448.300,	482.100,	332966,	+2.69
2023-08-11T08:26:49.226780,290.378110,+74.278958,338.222181,+45.239007,	445.200,	475.800,	335738,	+2.69
2023-08-11T08:26:49.236801,289.949925,+74.168486,338.066446,+45.121926,	441.600,	469.300,	290001,	+2.84
2023-08-11T08:26:49.246821,289.524806,+74.055913,337.909570,+45.003857,	437.700,	462.000,	228244,	+3.10
2023-08-11T08:26:49.256841,289.102817,+73.942803,337.753773,+44.884836,	433.400,	454.800,	198061,	+3.26
2023-08-11T08:26:49.266861,288.683780,+73.827239,337.596355,+44.764758,	428.800,	446.600,	149830,	+3.56
2023-08-11T08:26:49.276881,288.270134,+73.710377,337.438911,+44.644325,	424.200,	438.100,	134029,	+3.68
2023-08-11T08:26:49.286901,287.858589,+73.591972,337.281149,+44.522605,	419.100,	429.100,	116520,	+3.83
2023-08-11T08:26:49.296921,287.450152,+73.473043,337.124485,+44.399934,	413.600,	420.200,	106561,	+3.93
2023-08-11T08:26:49.306941,287.044098,+73.351341,336.965800,+44.275959,	407.700,	410.100,	73384,	+4.34
2023-08-11T08:26:49.316961,286.646071,+73.229004,336.807910,+44.152433,	402.200,	400.100,	67671,	+4.42
2023-08-11T08:26:49.326981,286.248398,+73.105348,336.650088,+44.027116,	395.900,	389.700,	52723,	+4.70
2023-08-11T08:26:49.337001,285.858037,+72.981275,336.493333,+43.902106,	389.900,	379.500,	38512,	+5.04
2023-08-11T08:26:49.347021,285.472259,+72.855982,336.336607,+43.776562,	383.800,	369.000,	41802,	+4.95
2023-08-11T08:26:49.357041,285.091157,+72.730175,336.180860,+43.650601,	377.600,	358.600,	33978,	+5.17
2023-08-11T08:26:49.367061,284.716356,+72.603322,336.025256,+43.524667,	371.600,	348.000,	21597,	+5.66
2023-08-11T08:26:49.377082,284.347761,+72.475772,335.870240,+43.398800,	365.800,	337.400,	13050,	+6.21
2023-08-11T08:26:49.387101,283.984267,+72.347947,335.716410,+43.272757,	360.000,	327.000,	11397,	+6.36
2023-08-11T08:26:49.397122,283.623828,+72.219304,335.563123,+43.145875,	353.900,	316.500,	7691,	+6.79
