Code/Utils/met2ecsv_test_cases/2023/2023-08-11T08_26_49_Mirfit_02T.ecsv
# %ECSV 0.9
# ---
# datatype:
# - {name: datetime, datatype: string}
# - {name: ra, unit: deg, datatype: float64}
# - {name: dec, unit: deg, datatype: float64}
# - {name: azimuth, datatype: float64}
# - {name: altitude, datatype: float64}
# - {name: x_image, unit: pix, datatype: float64}
# - {name: y_image, unit: pix, datatype: float64}
# - {name: integrated_pixel_value, datatype: int64}
# - {name: mag_data, datatype: float64}
# delimiter: ','
# meta: !!omap
# - {obs_latitude: 43.1929}
# - {obs_longitude: -81.3157}
# - {obs_elevation: 324.0000}
# - {origin: 'Mirfit'}
# - {camera_id: '02T'}
# - {cx: 900}
# - {cy: 900}
# - {photometric_band: 'STARS9TH_VBVRI R band'}
# - {image_file: 'ev_20230811_082649A_02T.vid'}
# - {isodate_start_obs: '2023-08-11T08:26:49.936545'}
# - {astrometry_number_stars: 52}
# - {mag_label: 'mag_data'}
# - {no_frags: 1}
# - {obs_az: 345.73457283658064}
# - {obs_ev: 48.09117396249448}
# - {obs_rot: 0.00000000000000}
# - {fov_horiz: 14.754961247941647}
# - {fov_vert: 14.752316747496725}
# schema: astropy-2.0
datetime,ra,dec,azimuth,altitude,x_image,y_image,integrated_pixel_value,mag_data
2023-08-11T08:26:49.239001,57.766747,+86.741243,3.702319,+44.979398,	512.800,	417.900,	250726,	+3.00
2023-08-11T08:26:49.249021,58.231572,+86.856328,3.588306,+44.893426,	511.600,	415.300,	208161,	+3.20
2023-08-11T08:26:49.259041,58.725418,+86.972513,3.472824,+44.806886,	510.200,	411.900,	208353,	+3.20
2023-08-11T08:26:49.269061,59.266197,+87.089227,3.357074,+44.719486,	508.400,	408.200,	196065,	+3.27
2023-08-11T08:26:49.279081,59.852641,+87.206412,3.240806,+44.631542,	506.400,	404.100,	154170,	+3.53
2023-08-11T08:26:49.289101,60.495529,+87.324332,3.123818,+44.542717,	504.000,	399.500,	122914,	+3.78
2023-08-11T08:26:49.299122,61.203730,+87.442580,3.006556,+44.453176,	501.300,	394.600,	102612,	+3.97
2023-08-11T08:26:49.309142,61.990363,+87.561142,2.889064,+44.362774,	498.200,	389.400,	83176,	+4.20
2023-08-11T08:26:49.319162,62.855254,+87.679869,2.771067,+44.271984,	495.000,	383.800,	87257,	+4.15
2023-08-11T08:26:49.329182,63.813663,+87.798601,2.652730,+44.180770,	491.677,	377.870,	64447,	+4.48
2023-08-11T08:26:49.339202,64.889402,+87.917140,2.534354,+44.088932,	488.103,	371.730,	44545,	+4.88
2023-08-11T08:26:49.349222,66.110909,+88.035135,2.416356,+43.996343,	484.187,	365.554,	36041,	+5.11
2023-08-11T08:26:49.359242,67.489579,+88.153234,2.297373,+43.903100,	480.031,	358.756,	36983,	+5.08
2023-08-11T08:26:49.369263,69.077746,+88.270240,2.178989,+43.809072,	475.500,	352.000,	23270,	+5.58
2023-08-11T08:26:49.379282,70.877081,+88.385256,2.061318,+43.715558,	471.402,	345.423,	15893,	+6.00
2023-08-11T08:26:49.389303,72.919998,+88.498421,1.943660,+43.622664,	467.800,	338.700,	8559,	+6.67
2023-08-11T08:26:49.399323,75.306889,+88.610239,1.825376,+43.529042,	463.900,	331.500,	8559,	+6.67
2023-08-11T08:26:49.409343,78.163916,+88.718300,1.709167,+43.434285,	459.369,	324.981,	5959,	+7.06
