Code/Utils/met2ecsv_test_cases/match/2024-03-05T03_19_28_Mirfit_02T.ecsv
# %ECSV 0.9
# ---
# datatype:
# - {name: datetime, datatype: string}
# - {name: ra, unit: deg, datatype: float64}
# - {name: dec, unit: deg, datatype: float64}
# - {name: azimuth, datatype: float64}
# - {name: altitude, datatype: float64}
# - {name: x_image, unit: pix, datatype: float64}
# - {name: y_image, unit: pix, datatype: float64}
# - {name: integrated_pixel_value, datatype: int64}
# - {name: mag_data, datatype: float64}
# delimiter: ','
# meta: !!omap
# - {obs_latitude: 43.1930}
# - {obs_longitude: -81.3156}
# - {obs_elevation: 322.0000}
# - {origin: 'Mirfit'}
# - {camera_id: '02T'}
# - {cx: 900}
# - {cy: 900}
# - {photometric_band: 'STARS9TH_VBVRI R band'}
# - {image_file: 'ev_20240305_031928A_02T.vid'}
# - {isodate_start_obs: '2024-03-05T03:19:28.19437'}
# - {astrometry_number_stars: 52}
# - {mag_label: 'mag_data'}
# - {no_frags: 1}
# - {obs_az: 348.01041849461978}
# - {obs_ev: 44.95508947084591}
# - {obs_rot: 0.00000000000000}
# - {fov_horiz: 14.754961247941647}
# - {fov_vert: 14.752316747496725}
# schema: astropy-2.0
datetime,ra,dec,azimuth,altitude,x_image,y_image,integrated_pixel_value,mag_data
2024-03-05T03:19:28.011693,105.747823,+83.414082,355.776237,+49.145424,	463.000,	430.000,	299502,	+2.81
2024-03-05T03:19:28.061793,103.599987,+83.799264,355.754040,+48.692517,	461.000,	426.000,	365090,	+2.59
2024-03-05T03:19:28.111894,101.168767,+84.172726,355.730131,+48.241007,	460.000,	421.000,	453315,	+2.36
2024-03-05T03:19:28.172015,97.863695,+84.599998,355.702798,+47.705914,	462.800,	415.500,	506757,	+2.24
2024-03-05T03:19:28.202075,96.005921,+84.806864,355.689504,+47.437500,	463.700,	412.600,	464729,	+2.33
2024-03-05T03:19:28.232135,93.988057,+85.008399,355.676026,+47.168181,	464.100,	409.400,	526744,	+2.20
2024-03-05T03:19:28.282235,90.253016,+85.328937,355.654169,+46.719677,	465.000,	404.000,	526260,	+2.20
2024-03-05T03:19:28.322316,86.899967,+85.569557,355.638100,+46.361395,	466.000,	400.000,	535057,	+2.18
2024-03-05T03:19:28.372417,82.232541,+85.841093,355.615305,+45.919490,	471.000,	394.000,	573324,	+2.10
2024-03-05T03:19:28.422517,76.993006,+86.081998,355.595537,+45.479481,	477.000,	389.000,	544503,	+2.16
2024-03-05T03:19:28.472618,71.124874,+86.285492,355.575227,+45.039799,	483.300,	383.400,	539511,	+2.17
2024-03-05T03:19:28.512698,65.835174,+86.421766,355.559653,+44.677340,	482.000,	378.000,	519517,	+2.21
2024-03-05T03:19:28.552779,60.673621,+86.516789,355.544057,+44.346053,	499.200,	375.000,	496592,	+2.26
2024-03-05T03:19:28.612899,52.221451,+86.605686,355.521339,+43.832352,	515.100,	368.900,	517130,	+2.22
2024-03-05T03:19:28.662999,45.070200,+86.621200,355.502570,+43.410336,	532.000,	364.000,	476431,	+2.30
2024-03-05T03:19:28.723120,36.781693,+86.572526,355.480557,+42.916876,	560.000,	359.000,	332966,	+2.69
2024-03-05T03:19:28.773221,30.390896,+86.483059,355.462788,+42.520267,	592.000,	356.000,	150107,	+3.56
2024-03-05T03:19:28.813301,25.710849,+86.386130,355.450064,+42.213919,	624.000,	355.000,	61150,	+4.53
2024-03-05T03:19:28.853382,21.449836,+86.269240,355.435756,+41.917463,	662.000,	354.000,	29813,	+5.31
2024-03-05T03:19:28.883442,18.601901,+86.175508,355.426625,+41.707975,	698.000,	355.000,	13280,	+6.19
