Code/Utils/met2ecsv_test_cases/match/2024-03-05T03_19_26_RMS_02G.ecsv
# %ECSV 0.9
# ---
# datatype:
# - {name: datetime, datatype: string}
# - {name: ra, unit: deg, datatype: float64}
# - {name: dec, unit: deg, datatype: float64}
# - {name: azimuth, datatype: float64}
# - {name: altitude, datatype: float64}
# - {name: mag_data, datatype: float64}
# - {name: x_image, unit: pix, datatype: float64}
# - {name: y_image, unit: pix, datatype: float64}
# delimiter: ','
# meta: !!omap
# - {obs_latitude: 43.193026}
# - {obs_longitude: -81.31568}
# - {obs_elevation: 324.0}
# - {origin: 'SkyFit2'}
# - {camera_id: '02G'}
# - {cx: 512}
# - {cy: 512}
# - {photometric_band: 'GAIA G band'}
# - {image_file: 'FF_02G_20240305_031926_233_0000000.fits'}
# - {isodate_start_obs: '2024-03-05T03:19:26.233982'}
# - {astrometry_number_stars: 29}
# - {mag_label: 'mag'}
# - {no_frags: 1}
# - {obs_az: 0.32407513163703794}
# - {obs_ev: 47.83316652970094}
# - {obs_rot: -112.57671545444727}
# - {fov_horiz: 14.738820562805703}
# - {fov_vert: 14.73576691494813}
# schema: astropy-2.0
datetime,ra,dec,azimuth,altitude,x_image,y_image,integrated_pixel_value,mag_data
2024-03-05T03:19:27.292024,119.887408,+78.343113,356.102982,+54.639548,   39.221,  396.393,      2796,  +6.81
2024-03-05T03:19:27.323143,119.523757,+78.584825,356.088711,+54.387261,   47.855,  394.672,      3578,  +6.54
2024-03-05T03:19:27.354262,119.091963,+78.857044,356.071955,+54.102406,   57.604,  392.745,      5606,  +6.05
2024-03-05T03:19:27.385380,118.664347,+79.104093,356.051864,+53.842449,   66.519,  391.088,      5791,  +6.01
2024-03-05T03:19:27.416499,118.142015,+79.379274,356.023311,+53.550991,   76.540,  389.356,      6310,  +5.92
2024-03-05T03:19:27.447618,117.628388,+79.655000,356.006231,+53.260032,   86.487,  387.404,      7983,  +5.67
2024-03-05T03:19:27.478737,117.107456,+79.932124,355.996176,+52.967997,   96.434,  385.304,      7925,  +5.67
2024-03-05T03:19:27.509857,116.540545,+80.178116,355.966267,+52.703850,  105.527,  383.834,      8979,  +5.54
2024-03-05T03:19:27.540976,116.020972,+80.430287,355.960155,+52.436949,  114.597,  381.858,     15303,  +4.96
2024-03-05T03:19:27.572093,115.374422,+80.702184,355.940439,+52.145376,  124.566,  379.972,     17956,  +4.78
2024-03-05T03:19:27.603212,114.778861,+80.948578,355.929014,+51.881406,  133.559,  378.134,     20685,  +4.63
2024-03-05T03:19:27.634332,114.017637,+81.220153,355.901957,+51.585786,  143.696,  376.380,     22868,  +4.52
2024-03-05T03:19:27.665451,113.324914,+81.489869,355.900797,+51.296667,  153.486,  374.134,     26761,  +4.35
2024-03-05T03:19:27.696570,112.531264,+81.733751,355.873145,+51.027255,  162.736,  372.607,     34790,  +4.06
2024-03-05T03:19:27.727689,111.669076,+81.993125,355.852178,+50.740914,  172.526,  370.811,     36454,  +4.01
2024-03-05T03:19:27.758808,110.879703,+82.231478,355.844535,+50.479143,  181.417,  368.925,     46992,  +3.73
2024-03-05T03:19:27.789926,109.874546,+82.500595,355.827203,+50.178925,  191.656,  366.949,     50822,  +3.65
2024-03-05T03:19:27.821045,108.833621,+82.761244,355.812746,+49.886223,  201.625,  364.974,     55869,  +3.55
2024-03-05T03:19:27.852164,107.802910,+82.994542,355.795738,+49.620447,  210.696,  363.267,     81335,  +3.14
2024-03-05T03:19:27.883283,106.746045,+83.237134,355.794380,+49.346775,  219.953,  361.158,     88011,  +3.05
2024-03-05T03:19:27.914402,105.409568,+83.488793,355.771078,+49.051892,  230.040,  359.368,     89940,  +3.03
2024-03-05T03:19:27.945520,104.083679,+83.716456,355.749070,+48.780888,  239.312,  357.741,    103269,  +2.88
2024-03-05T03:19:27.976639,102.595920,+83.960414,355.734678,+48.489483,  249.236,  355.789,    123227,  +2.68
2024-03-05T03:19:28.007758,101.117227,+84.193723,355.732000,+48.210723,  258.671,  353.674,    129998,  +2.62
2024-03-05T03:19:28.038877, 99.591552,+84.409975,355.727214,+47.946725,  267.619,  351.722,    137500,  +2.56
2024-03-05T03:19:28.069996, 97.720877,+84.633497,355.707826,+47.660936,  277.380,  349.933,    148711,  +2.48
2024-03-05T03:19:28.101114, 95.699270,+84.844232,355.683417,+47.380780,  286.978,  348.306,    150416,  +2.46
2024-03-05T03:19:28.132233, 93.648308,+85.056654,355.680896,+47.102045,  296.413,  346.191,    153122,  +2.44
2024-03-05T03:19:28.163352, 91.306600,+85.256979,355.663474,+46.820870,  306.012,  344.401,    154629,  +2.43
2024-03-05T03:19:28.194472, 88.810238,+85.431164,355.631647,+46.554585,  315.185,  343.066,    151377,  +2.45
2024-03-05T03:19:28.225591, 86.287809,+85.625331,355.644042,+46.278386,  324.458,  340.626,    155935,  +2.42
2024-03-05T03:19:28.256709, 83.283336,+85.793201,355.620380,+45.998361,  334.056,  338.999,    180108,  +2.26
2024-03-05T03:19:28.287827, 80.176981,+85.959764,355.618039,+45.719783,  343.492,  336.884,    142648,  +2.52
2024-03-05T03:19:28.318946, 76.987976,+86.104391,355.613671,+45.456005,  352.439,  334.932,    157587,  +2.41
2024-03-05T03:19:28.350065, 73.183594,+86.233366,355.588904,+45.171562,  362.200,  333.305,    152504,  +2.44
2024-03-05T03:19:28.381184, 69.201878,+86.343673,355.565830,+44.891745,  371.798,  331.678,    149657,  +2.46
2024-03-05T03:19:28.412304, 65.517531,+86.430945,355.553258,+44.643933,  380.258,  330.052,    140856,  +2.53
2024-03-05T03:19:28.443423, 61.302758,+86.523013,355.558956,+44.369158,  389.530,  327.774,    142925,  +2.51
2024-03-05T03:19:28.474540, 57.124942,+86.576749,355.543542,+44.112352,  398.315,  326.147,    144495,  +2.50
2024-03-05T03:19:28.505659, 52.523434,+86.610159,355.522420,+43.837383,  407.751,  324.521,    142184,  +2.51
2024-03-05T03:19:28.536779, 48.188750,+86.619892,355.500950,+43.581783,  416.535,  323.056,    144626,  +2.49
2024-03-05T03:19:28.567898, 43.763077,+86.621759,355.495560,+43.320998,  425.408,  321.159,    141369,  +2.52
2024-03-05T03:19:28.599017, 39.723263,+86.599113,355.481487,+43.081337,  433.617,  319.640,    108864,  +2.80
2024-03-05T03:19:28.630136, 35.525355,+86.562637,355.474227,+42.828439,  442.239,  317.851,     95831,  +2.94
2024-03-05T03:19:28.661255, 31.035704,+86.499476,355.463251,+42.549724,  451.762,  315.953,     65336,  +3.35
2024-03-05T03:19:28.692373, 27.573117,+86.428549,355.447483,+42.325031,  459.483,  314.597,     40414,  +3.87
2024-03-05T03:19:28.723492, 24.383115,+86.357835,355.444086,+42.112298,  466.729,  313.025,     27549,  +4.29
2024-03-05T03:19:28.754611, 20.795110,+86.264337,355.444496,+41.863277,  475.188,  311.072,     16790,  +4.83
