Code/Utils/met2ecsv_test_cases/match/2024-03-05T03_19_28_Mirfit_02T.ecsv0
# %ECSV 0.9
# ---
# datatype:
# - {name: datetime, datatype: string}
# - {name: ra, unit: deg, datatype: float64}
# - {name: dec, unit: deg, datatype: float64}
# - {name: azimuth, datatype: float64}
# - {name: altitude, datatype: float64}
# - {name: x_image, unit: pix, datatype: float64}
# - {name: y_image, unit: pix, datatype: float64}
# - {name: integrated_pixel_value, datatype: int64}
# - {name: mag_data, datatype: float64}
# delimiter: ','
# meta: !!omap
# - {obs_latitude: 43.1930}
# - {obs_longitude: -81.3156}
# - {obs_elevation: 322.0000}
# - {origin: 'Mirfit'}
# - {camera_id: '02T'}
# - {cx: 900}
# - {cy: 900}
# - {photometric_band: 'STARS9TH_VBVRI R band'}
# - {image_file: 'ev_20240305_031928A_02T.vid'}
# - {isodate_start_obs: '2024-03-05T03:19:28.19437'}
# - {astrometry_number_stars: 52}
# - {mag_label: 'mag_data'}
# - {no_frags: 1}
# - {obs_az: 348.01041849461978}
# - {obs_ev: 44.95508947084591}
# - {obs_rot: 0.00000000000000}
# - {fov_horiz: 14.754961247941647}
# - {fov_vert: 14.752316747496725}
# schema: astropy-2.0
datetime,ra,dec,azimuth,altitude,x_image,y_image,integrated_pixel_value,mag_data
2024-03-05T03:19:28.008773,105.805892,+83.402004,355.776237,+49.145424,	463.000,	430.000,	299502,	+2.81
2024-03-05T03:19:28.058874,103.666842,+83.787254,355.754040,+48.692517,	461.000,	426.000,	365090,	+2.59
2024-03-05T03:19:28.108974,101.246051,+84.160846,355.730131,+48.241007,	460.000,	421.000,	453315,	+2.36
2024-03-05T03:19:28.169095,97.955907,+84.588375,355.702798,+47.705914,	462.800,	415.500,	506757,	+2.24
2024-03-05T03:19:28.199155,96.106838,+84.795421,355.689504,+47.437500,	463.700,	412.600,	464729,	+2.33
2024-03-05T03:19:28.229216,94.098626,+84.997179,355.676026,+47.168181,	464.100,	409.400,	526744,	+2.20
2024-03-05T03:19:28.279315,90.381853,+85.318201,355.654169,+46.719677,	465.000,	404.000,	526260,	+2.20
2024-03-05T03:19:28.319396,87.045463,+85.559326,355.638100,+46.361395,	466.000,	400.000,	535057,	+2.18
2024-03-05T03:19:28.369497,82.401033,+85.831665,355.615305,+45.919490,	471.000,	394.000,	573324,	+2.10
2024-03-05T03:19:28.419598,77.186613,+86.073596,355.595537,+45.479481,	477.000,	389.000,	544503,	+2.16
2024-03-05T03:19:28.469699,71.344589,+86.278377,355.575227,+45.039799,	483.300,	383.400,	539511,	+2.17
2024-03-05T03:19:28.509778,66.075809,+86.415919,355.559653,+44.677340,	482.000,	378.000,	519517,	+2.21
2024-03-05T03:19:28.549859,60.931452,+86.512264,355.544057,+44.346053,	499.200,	375.000,	496592,	+2.26
2024-03-05T03:19:28.609980,52.499391,+86.603472,355.521339,+43.832352,	515.100,	368.900,	517130,	+2.22
2024-03-05T03:19:28.660079,45.356178,+86.621049,355.502570,+43.410336,	532.000,	364.000,	476431,	+2.30
2024-03-05T03:19:28.720200,37.065984,+86.574847,355.480557,+42.916876,	560.000,	359.000,	332966,	+2.69
2024-03-05T03:19:28.770301,30.665877,+86.487317,355.462788,+42.520267,	592.000,	356.000,	150107,	+3.56
2024-03-05T03:19:28.810382,25.974909,+86.391811,355.450064,+42.213919,	624.000,	355.000,	61150,	+4.53
2024-03-05T03:19:28.850463,21.701050,+86.276215,355.435756,+41.917463,	662.000,	354.000,	29813,	+5.31
2024-03-05T03:19:28.880522,18.843239,+86.183345,355.426625,+41.707975,	698.000,	355.000,	13280,	+6.19
