Code/Utils/met2ecsv_test_cases/match/2024-03-05T03_19_26_RMS_01G.ecsv
# %ECSV 0.9
# ---
# datatype:
# - {name: datetime, datatype: string}
# - {name: ra, unit: deg, datatype: float64}
# - {name: dec, unit: deg, datatype: float64}
# - {name: azimuth, datatype: float64}
# - {name: altitude, datatype: float64}
# - {name: mag_data, datatype: float64}
# - {name: x_image, unit: pix, datatype: float64}
# - {name: y_image, unit: pix, datatype: float64}
# delimiter: ','
# meta: !!omap
# - {obs_latitude: 43.264}
# - {obs_longitude: -80.772139}
# - {obs_elevation: 329.0}
# - {origin: 'SkyFit2'}
# - {camera_id: '01G'}
# - {cx: 512}
# - {cy: 512}
# - {photometric_band: 'GAIA G band'}
# - {image_file: 'FF_01G_20240305_031926_179_0000000.fits'}
# - {isodate_start_obs: '2024-03-05T03:19:26.179997'}
# - {astrometry_number_stars: 31}
# - {mag_label: 'mag'}
# - {no_frags: 1}
# - {obs_az: 329.68105924736096}
# - {obs_ev: 47.15573988388066}
# - {obs_rot: -76.53693563000209}
# - {fov_horiz: 14.719990238124215}
# - {fov_vert: 14.717685885879327}
# schema: astropy-2.0
datetime,ra,dec,azimuth,altitude,x_image,y_image,integrated_pixel_value,mag_data
2024-03-05T03:19:27.300273, 72.293064,+62.787331,321.174972,+51.073756,   79.522,  414.732,      7617,  +6.97
2024-03-05T03:19:27.331392, 71.753240,+62.896422,321.342039,+50.825633,   88.829,  413.524,     12798,  +6.41
2024-03-05T03:19:27.362512, 71.229278,+62.997246,321.497683,+50.586327,   97.774,  412.436,     12356,  +6.44
2024-03-05T03:19:27.393631, 70.675726,+63.112571,321.677529,+50.335053,  107.262,  410.902,     14598,  +6.26
2024-03-05T03:19:27.424750, 70.162776,+63.214271,321.837449,+50.103701,  115.965,  409.572,     16187,  +6.15
2024-03-05T03:19:27.486987, 69.046689,+63.413552,322.155992,+49.604821,  134.580,  407.155,     19223,  +5.96
2024-03-05T03:19:27.518105, 68.469326,+63.514829,322.320636,+49.349135,  144.129,  405.825,     21872,  +5.82
2024-03-05T03:19:27.549224, 67.881868,+63.617890,322.490005,+49.090673,  153.799,  404.375,     24611,  +5.69
2024-03-05T03:19:27.580343, 67.340453,+63.706573,322.638125,+48.853741,  162.623,  403.166,     38344,  +5.21
2024-03-05T03:19:27.611461, 66.785365,+63.802960,322.799897,+48.612519,  171.669,  401.656,     38223,  +5.21
2024-03-05T03:19:27.642580, 66.203621,+63.881830,322.937821,+48.360204,  180.954,  400.737,     54221,  +4.83
2024-03-05T03:19:27.673699, 65.594510,+63.976253,323.102102,+48.098232,  190.715,  399.273,     60011,  +4.72
2024-03-05T03:19:27.704818, 65.054987,+64.062328,323.252894,+47.867780,  199.337,  397.809,     71263,  +4.54
2024-03-05T03:19:27.735937, 64.464399,+64.135645,323.388734,+47.615564,  208.610,  396.833,     83521,  +4.36
2024-03-05T03:19:27.767055, 63.875748,+64.220385,323.543349,+47.366493,  217.883,  395.369,    106444,  +4.10
2024-03-05T03:19:27.798174, 63.295744,+64.306640,323.701527,+47.122836,  226.993,  393.742,    118994,  +3.98
2024-03-05T03:19:27.829293, 62.664704,+64.379240,323.844631,+46.857455,  236.754,  392.603,    139621,  +3.80
2024-03-05T03:19:27.860412, 62.023742,+64.463593,324.007718,+46.590568,  246.677,  390.976,    158857,  +3.66
2024-03-05T03:19:27.891531, 61.453249,+64.536574,324.151677,+46.354254,  255.462,  389.512,    161149,  +3.64
2024-03-05T03:19:27.922649, 60.855633,+64.599025,324.284272,+46.106504,  264.572,  388.374,    184167,  +3.50
2024-03-05T03:19:27.953768, 60.266195,+64.658544,324.414109,+45.863155,  273.520,  387.235,    206007,  +3.38
2024-03-05T03:19:27.984887, 59.662930,+64.729808,324.563721,+45.616785,  282.678,  385.622,    221586,  +3.30
2024-03-05T03:19:28.016007, 59.085676,+64.789377,324.696507,+45.381194,  291.381,  384.292,    241095,  +3.20
2024-03-05T03:19:28.047126, 58.399267,+64.846402,324.837438,+45.100591,  301.655,  383.083,    265315,  +3.10
2024-03-05T03:19:28.078243, 57.825606,+64.904216,324.971501,+44.868850,  310.237,  381.633,    260133,  +3.12
2024-03-05T03:19:28.109363, 57.207702,+64.953730,325.100190,+44.618488,  319.424,  380.424,    298474,  +2.97
2024-03-05T03:19:28.140481, 56.596857,+65.010914,325.240916,+44.373634,  328.489,  378.853,    298242,  +2.97
2024-03-05T03:19:28.171601, 55.992592,+65.059389,325.370993,+44.131269,  337.415,  377.491,    285616,  +3.02
2024-03-05T03:19:28.202720, 55.376070,+65.099904,325.493618,+43.883531,  346.486,  376.324,    272320,  +3.07
2024-03-05T03:19:28.233837, 54.770248,+65.142940,325.620642,+43.641827,  355.378,  374.977,    333070,  +2.85
2024-03-05T03:19:28.264956, 54.101127,+65.183533,325.753985,+43.374776,  365.167,  373.629,    349175,  +2.80
2024-03-05T03:19:28.296076, 53.524337,+65.215295,325.866679,+43.144918,  373.585,  372.496,    314722,  +2.91
2024-03-05T03:19:28.327195, 52.834985,+65.256550,326.008282,+42.872170,  383.617,  370.925,    309572,  +2.93
2024-03-05T03:19:28.358314, 52.268741,+65.289170,326.124913,+42.648879,  391.837,  369.595,    321636,  +2.88
2024-03-05T03:19:28.389432, 51.652773,+65.317816,326.244821,+42.405419,  400.763,  368.302,    325702,  +2.87
2024-03-05T03:19:28.420551, 51.001540,+65.340794,326.364420,+42.147320,  410.192,  367.093,    281144,  +3.03
2024-03-05T03:19:28.451670, 50.416373,+65.359079,326.470975,+41.915672,  418.653,  366.005,    324761,  +2.87
2024-03-05T03:19:28.482789, 49.804588,+65.381286,326.588556,+41.675168,  427.477,  364.676,    297068,  +2.97
2024-03-05T03:19:28.513908, 49.170612,+65.406755,326.715832,+41.427608,  436.595,  363.121,    307440,  +2.93
2024-03-05T03:19:28.545026, 48.553233,+65.420703,326.828089,+41.184520,  445.487,  361.896,    270082,  +3.07
2024-03-05T03:19:28.576145, 47.991658,+65.426925,326.923973,+40.962283,  453.585,  360.929,    238607,  +3.20
2024-03-05T03:19:28.607264, 47.435692,+65.441744,327.031738,+40.745434,  461.563,  359.599,    214067,  +3.32
2024-03-05T03:19:28.638383, 46.823308,+65.463423,327.159191,+40.509075,  470.313,  357.867,    171662,  +3.56
2024-03-05T03:19:28.669502, 46.256644,+65.461746,327.251849,+40.284514,  478.486,  356.940,    131471,  +3.85
2024-03-05T03:19:28.700620, 45.692815,+65.466218,327.353666,+40.063576,  486.584,  355.731,     62056,  +4.66
2024-03-05T03:19:28.731739, 45.185470,+65.451186,327.423426,+39.859139,  493.959,  355.239,     50828,  +4.88
2024-03-05T03:19:28.762858, 44.710387,+65.460219,327.518693,+39.675600,  500.746,  353.926,     37296,  +5.21
2024-03-05T03:19:28.793977, 44.252442,+65.462533,327.603913,+39.497040,  507.315,  352.831,     17108,  +6.06
