Code/Utils/met2ecsv_test_cases/match/ev_20240305_031928A_02T.ecsv0
# %ECSV 0.9
# ---
# datatype:
# - {name: datetime, datatype: string}
# - {name: ra, unit: deg, datatype: float64}
# - {name: dec, unit: deg, datatype: float64}
# - {name: azimuth, datatype: float64}
# - {name: altitude, datatype: float64}
# - {name: mag_data, datatype: float64}
# - {name: x_image, unit: pix, datatype: float64}
# - {name: y_image, unit: pix, datatype: float64}
# delimiter:  ','
# meta: !!omap
# - {obs_latitude:43.1930}
# - {obs_longitude: -81.3156}
# - {obs_elevation: 322.000}
# - {origin: Mirfit}
# - {camera_id: '02T'-Mirfit}
# - {cx: 0}
# - {cy: 0}
# - {photometric_band: STARS9TH_VBVRI R band}
# - {image_file: 'ev_20240305_031928A_02T.png}
# - {isodate_start_obs: 2024-03-05T03:19:28.404158}
# - {astrometry_number_stars: 52}
# - {mag_label: 'mag'}
# - {no_frags: 1}
# - {obs_az: 345.73953247070312}
# - {obs_ev: 46.62997055053711}
# - {obs_rot: 0.00000000000000}
# - {fov_horiz: 14.754961247941647}
# - {fov_vert: 14.752316747496725}
# schema: astropy-2.0
datetime,ra,dec,azimuth,altitude,x_image,y_image,integrated_pixel_value,mag_data
2024-03-05T03:19:28.011689,105.747973, 83.414147,355.776245, 49.145424,  463.000,  430.000,    299502,   3.51
2024-03-05T03:19:28.061779,103.600009, 83.799325,355.754028, 48.692516,  461.000,  426.000,    365090,   3.29
2024-03-05T03:19:28.111910,101.168845, 84.172791,355.730133, 48.241009,  460.000,  421.000,    453315,   3.06
2024-03-05T03:19:28.172018, 97.863653, 84.600063,355.702789, 47.705914,  462.800,  415.500,    506757,   2.94
2024-03-05T03:19:28.202072, 96.005961, 84.806937,355.689514, 47.437500,  463.700,  412.600,    464729,   3.03
2024-03-05T03:19:28.232127, 93.988011, 85.008467,355.676025, 47.168182,  464.100,  409.400,    526744,   2.90
2024-03-05T03:19:28.282217, 90.252931, 85.329010,355.654175, 46.719677,  465.000,  404.000,    526260,   2.90
2024-03-05T03:19:28.322329, 86.899752, 85.569623,355.638092, 46.361397,  466.000,  400.000,    535057,   2.88
2024-03-05T03:19:28.372419, 82.232215, 85.841157,355.615295, 45.919491,  471.000,  394.000,    573323,   2.80
2024-03-05T03:19:28.422510, 76.992520, 86.082057,355.595520, 45.479481,  477.000,  389.000,    544502,   2.86
2024-03-05T03:19:28.472600, 71.124349, 86.285558,355.575226, 45.039799,  483.300,  383.400,    539510,   2.87
2024-03-05T03:19:28.512712, 65.834604, 86.421836,355.559662, 44.677341,  482.000,  378.000,    519517,   2.91
2024-03-05T03:19:28.552785, 60.672938, 86.516857,355.544067, 44.346054,  499.200,  375.000,    496592,   2.96
2024-03-05T03:19:28.612893, 52.220540, 86.605735,355.521332, 43.832352,  515.100,  368.900,    517130,   2.92
2024-03-05T03:19:28.662983, 45.069179, 86.621243,355.502563, 43.410336,  532.000,  364.000,    476430,   3.01
2024-03-05T03:19:28.723132, 36.780595, 86.572567,355.480560, 42.916878,  560.000,  359.000,    332966,   3.39
2024-03-05T03:19:28.773222, 30.389689, 86.483097,355.462799, 42.520267,  592.000,  356.000,    150106,   4.26
2024-03-05T03:19:28.813294, 25.709630, 86.386160,355.450073, 42.213921,  624.000,  355.000,     61150,   5.23
2024-03-05T03:19:28.853366, 21.448576, 86.269259,355.435760, 41.917461,  662.000,  354.000,     29812,   6.01
2024-03-05T03:19:28.883461, 18.600612, 86.175527,355.426636, 41.707973,  698.000,  355.000,     13280,   6.89
