Code/ERROR_PLOT/cx_cy_position/20220820_055202/eig2022-08-20T05_52_02_RMS_02G.ecsv
# %ECSV 0.9
# ---
# datatype:
# - {name: datetime, datatype: string}
# - {name: ra, unit: deg, datatype: float64}
# - {name: dec, unit: deg, datatype: float64}
# - {name: azimuth, datatype: float64}
# - {name: altitude, datatype: float64}
# - {name: mag_data, datatype: float64}
# - {name: x_image, unit: pix, datatype: float64}
# - {name: y_image, unit: pix, datatype: float64}
# delimiter: ','
# meta: !!omap
# - {obs_latitude: 43.1928}
# - {obs_longitude: -81.3157}
# - {obs_elevation: 324.0}
# - {origin: 'SkyFit2'}
# - {camera_id: '02G'}
# - {cx: 512}
# - {cy: 512}
# - {photometric_band: 'GAIA G band'}
# - {image_file: 'FF_02G_20220820_055202_011_0000000.fits'}
# - {isodate_start_obs: '2022-08-20T05:52:02.011672'}
# - {astrometry_number_stars: 40}
# - {mag_label: 'mag'}
# - {no_frags: 1}
# - {obs_az: 7.550219239457972}
# - {obs_ev: 66.63561883417005}
# - {obs_rot: 70.11529597149578}
# - {fov_horiz: 14.735301050286964}
# - {fov_vert: 14.734903642329515}
# schema: astropy-2.0
datetime,ra,dec,azimuth,altitude,x_image,y_image,integrated_pixel_value,mag_data
2022-08-20T05:52:03.007450,359.347248,+64.341186, 24.572503,+64.665638,  258.479,  487.755,      8276,  +5.96
2022-08-20T05:52:03.038568,358.391938,+64.229495, 24.053929,+65.034092,  267.443,  475.780,      8576,  +5.95
2022-08-20T05:52:03.069686,357.449216,+64.132777, 23.490501,+65.383609,  275.685,  463.616,     13679,  +5.46
2022-08-20T05:52:03.100804,356.391911,+64.006085, 22.851460,+65.783711,  285.324,  449.990,     21569,  +4.99
2022-08-20T05:52:03.131922,355.409574,+63.874872, 22.242693,+66.160610,  294.533,  437.279,     34125,  +4.51
2022-08-20T05:52:03.163040,354.380507,+63.739841, 21.561901,+66.547965,  303.906,  423.719,     67939,  +3.78
2022-08-20T05:52:03.194158,353.349394,+63.579382, 20.875736,+66.950137,  313.929,  410.166,    108995,  +3.28
2022-08-20T05:52:03.225276,352.276303,+63.411796, 20.114719,+67.362674,  324.165,  395.809,    140960,  +3.01
2022-08-20T05:52:03.256395,351.208782,+63.246791, 19.304877,+67.764364,  334.069,  381.252,    161110,  +2.88
2022-08-20T05:52:03.287513,350.114464,+63.056087, 18.450427,+68.186289,  344.714,  366.246,    211121,  +2.59
2022-08-20T05:52:03.318631,349.037725,+62.856856, 17.567693,+68.603152,  355.349,  351.291,    357793,  +2.03
2022-08-20T05:52:03.349749,347.918983,+62.635909, 16.604245,+69.039252,  366.628,  335.545,    261988,  +2.37
2022-08-20T05:52:03.380867,346.802312,+62.402771, 15.588436,+69.475725,  378.064,  319.587,    165194,  +2.86
2022-08-20T05:52:03.411985,345.688300,+62.164013, 14.508455,+69.905864,  389.430,  303.368,     97900,  +3.43
2022-08-20T05:52:03.443103,344.563277,+61.903043, 13.360402,+70.346553,  401.329,  286.750,     62584,  +3.91
2022-08-20T05:52:03.474221,343.472865,+61.639969, 12.176208,+70.770733,  412.955,  270.342,     35255,  +4.52
2022-08-20T05:52:03.505339,342.316477,+61.345371, 10.841277,+71.220745,  425.545,  252.618,     21902,  +5.02
2022-08-20T05:52:03.536457,341.071551,+61.025866,  9.291106,+71.688858,  438.851,  233.083,     15613,  +5.36
2022-08-20T05:52:03.567575,339.918659,+60.686108,  7.773956,+72.146054,  452.383,  214.687,      9663,  +5.86
