Code/DynNestSampl/Validation_2fragm/20201012_081716_mir/2020-10-12T08_17_16_Mirfit_01T.ecsv
# %ECSV 0.9
# ---
# datatype:
# - {name: datetime, datatype: string}
# - {name: ra, unit: deg, datatype: float64}
# - {name: dec, unit: deg, datatype: float64}
# - {name: azimuth, datatype: float64}
# - {name: altitude, datatype: float64}
# - {name: x_image, unit: pix, datatype: float64}
# - {name: y_image, unit: pix, datatype: float64}
# - {name: integrated_pixel_value, datatype: int64}
# - {name: mag_data, datatype: float64}
# delimiter: ','
# meta: !!omap
# - {obs_latitude: 43.2642}
# - {obs_longitude: -80.7721}
# - {obs_elevation: 329.0000}
# - {origin: 'Mirfit'}
# - {camera_id: '01T'}
# - {cx: 900}
# - {cy: 900}
# - {photometric_band: 'STARS9TH_VBVRI R band'}
# - {image_file: 'ev_20201012_081716A_01T.vid'}
# - {isodate_start_obs: '2020-10-12T08:17:16.521390'}
# - {astrometry_number_stars: 52}
# - {mag_label: 'mag_data'}
# - {no_frags: 1}
# - {obs_az: 326.53458523440815}
# - {obs_ev: 47.59138287780186}
# - {obs_rot: 0.00000000000000}
# - {fov_horiz: 14.754961247941647}
# - {fov_vert: 14.752316747496725}
# schema: astropy-2.0
datetime,ra,dec,azimuth,altitude,x_image,y_image,integrated_pixel_value,mag_data
2020-10-12T08:17:16.250399,2.685176,+66.537445,327.112116,+49.919914,	583.883,	489.628,	899498,	+1.62
2020-10-12T08:17:16.260419,1.985354,+66.521119,327.060893,+49.642801,	582.398,	491.214,	672977,	+1.93
2020-10-12T08:17:16.270439,1.285477,+66.501262,327.009591,+49.365262,	580.762,	492.501,	557699,	+2.13
2020-10-12T08:17:16.280459,0.581431,+66.478334,326.958842,+49.085558,	577.889,	493.417,	454151,	+2.36
2020-10-12T08:17:16.290479,359.883406,+66.452682,326.909377,+48.807677,	575.996,	494.905,	404017,	+2.48
2020-10-12T08:17:16.300499,359.177822,+66.422929,326.858920,+48.526154,	572.198,	495.224,	369488,	+2.58
2020-10-12T08:17:16.310519,358.477690,+66.390588,326.809895,+48.246088,	569.145,	496.115,	305914,	+2.79
2020-10-12T08:17:16.320539,357.778514,+66.354354,326.760277,+47.965614,	566.008,	496.533,	260856,	+2.96
2020-10-12T08:17:16.330559,357.080403,+66.316764,326.713840,+47.684754,	562.326,	497.857,	223666,	+3.13
2020-10-12T08:17:16.340579,356.379361,+66.272633,326.662975,+47.401688,	558.000,	497.000,	184672,	+3.33
2020-10-12T08:17:16.350599,355.675203,+66.227499,326.615976,+47.116437,	552.000,	497.000,	155597,	+3.52
2020-10-12T08:17:16.360619,354.973650,+66.179175,326.569466,+46.831169,	546.000,	497.000,	130858,	+3.71
2020-10-12T08:17:16.370639,354.282047,+66.127185,326.522397,+46.548744,	541.783,	497.109,	106267,	+3.93
2020-10-12T08:17:16.380659,353.591785,+66.073344,326.477660,+46.265773,	537.020,	497.822,	87902,	+4.14
2020-10-12T08:17:16.390680,352.906302,+66.014314,326.430247,+45.983296,	532.971,	497.456,	87983,	+4.14
2020-10-12T08:17:16.400699,352.226138,+65.954398,326.386236,+45.701875,	529.121,	498.373,	69952,	+4.39
2020-10-12T08:17:16.410720,351.542979,+65.889633,326.340480,+45.417678,	524.000,	498.000,	31420,	+5.26
2020-10-12T08:17:16.420740,350.872862,+65.823702,326.297057,+45.137573,	520.972,	499.058,	29813,	+5.31
2020-10-12T08:17:16.430760,350.202880,+65.753927,326.253039,+44.855952,	517.214,	499.470,	25775,	+5.47
2020-10-12T08:17:16.440780,349.542328,+65.683067,326.211478,+44.576933,	514.685,	501.130,	19643,	+5.77
2020-10-12T08:17:16.450800,348.879750,+65.606520,326.166939,+44.295108,	511.000,	501.000,	21419,	+5.67
2020-10-12T08:17:16.460820,348.229077,+65.530421,326.126554,+44.017087,	509.000,	503.000,	17474,	+5.89
2020-10-12T08:17:16.470840,347.581180,+65.450113,326.084706,+43.738344,	506.838,	504.164,	18298,	+5.84
