Code/DynNestSampl/Validation_2fragm/20201012_081716_mir/2020-10-12T08_17_16_Mirfit_02T.ecsv
# %ECSV 0.9
# ---
# datatype:
# - {name: datetime, datatype: string}
# - {name: ra, unit: deg, datatype: float64}
# - {name: dec, unit: deg, datatype: float64}
# - {name: azimuth, datatype: float64}
# - {name: altitude, datatype: float64}
# - {name: x_image, unit: pix, datatype: float64}
# - {name: y_image, unit: pix, datatype: float64}
# - {name: integrated_pixel_value, datatype: int64}
# - {name: mag_data, datatype: float64}
# delimiter: ','
# meta: !!omap
# - {obs_latitude: 43.1928}
# - {obs_longitude: -81.3157}
# - {obs_elevation: 324.0000}
# - {origin: 'Mirfit'}
# - {camera_id: '02T'}
# - {cx: 900}
# - {cy: 900}
# - {photometric_band: 'STARS9TH_VBVRI R band'}
# - {image_file: 'ev_20201012_081716A_02T.vid'}
# - {isodate_start_obs: '2020-10-12T08:17:16.178042'}
# - {astrometry_number_stars: 52}
# - {mag_label: 'mag_data'}
# - {no_frags: 1}
# - {obs_az: 344.93770313511266}
# - {obs_ev: 42.37947229439433}
# - {obs_rot: 0.00000000000000}
# - {fov_horiz: 14.754961247941647}
# - {fov_vert: 14.752316747496725}
# schema: astropy-2.0
datetime,ra,dec,azimuth,altitude,x_image,y_image,integrated_pixel_value,mag_data
2020-10-12T08:17:16.298150,49.586336,+82.111368,357.049052,+50.761313,	543.000,	499.000,	1,	+16.50
2020-10-12T08:17:16.308170,48.218062,+82.319652,356.868730,+50.507209,	537.399,	498.413,	1,	+16.50
2020-10-12T08:17:16.318191,46.766797,+82.521382,356.687749,+50.254348,	532.920,	496.845,	1,	+16.50
2020-10-12T08:17:16.328210,45.213160,+82.721620,356.506382,+49.996859,	526.000,	494.000,	1,	+16.50
2020-10-12T08:17:16.338231,43.592200,+82.913828,356.328764,+49.742247,	521.000,	492.000,	1,	+16.50
2020-10-12T08:17:16.348251,41.844360,+83.103978,356.149088,+49.481917,	513.000,	488.000,	1,	+16.50
2020-10-12T08:17:16.358271,40.016018,+83.286622,355.973363,+49.222887,	505.928,	484.825,	1,	+16.50
2020-10-12T08:17:16.368291,38.017953,+83.467522,355.792871,+48.955004,	494.147,	478.336,	1,	+16.50
2020-10-12T08:17:16.378311,36.007464,+83.633029,355.622820,+48.698539,	489.000,	476.000,	1,	+16.50
2020-10-12T08:17:16.388331,33.801075,+83.796773,355.447376,+48.431000,	477.857,	469.921,	1,	+16.50
2020-10-12T08:17:16.398352,31.541691,+83.946548,355.277930,+48.170595,	471.000,	466.000,	1,	+16.50
2020-10-12T08:17:16.408372,29.170356,+84.086836,355.110299,+47.909592,	464.000,	462.000,	1,	+16.50
2020-10-12T08:17:16.418392,26.596629,+84.221657,354.938926,+47.638445,	451.498,	454.920,	1,	+16.50
2020-10-12T08:17:16.428412,24.033155,+84.337131,354.775272,+47.380938,	447.005,	451.317,	1,	+16.50
2020-10-12T08:17:16.438432,21.308422,+84.443897,354.610511,+47.116887,	439.000,	446.000,	1,	+16.50
2020-10-12T08:17:16.448452,18.499348,+84.537496,354.448542,+46.853859,	431.755,	441.185,	1,	+16.50
2020-10-12T08:17:16.458472,15.662262,+84.617423,354.293123,+46.595365,	427.105,	438.750,	1,	+16.50
2020-10-12T08:17:16.468492,12.648752,+84.682771,354.130410,+46.329757,	419.000,	432.000,	1,	+16.50
