Code/DynNestSampl/Validation_2fragm/20191023_091225_mir/2019-10-23T09_12_25_Mirfit_02T.ecsv
# %ECSV 0.9
# ---
# datatype:
# - {name: datetime, datatype: string}
# - {name: ra, unit: deg, datatype: float64}
# - {name: dec, unit: deg, datatype: float64}
# - {name: azimuth, datatype: float64}
# - {name: altitude, datatype: float64}
# - {name: x_image, unit: pix, datatype: float64}
# - {name: y_image, unit: pix, datatype: float64}
# - {name: integrated_pixel_value, datatype: int64}
# - {name: mag_data, datatype: float64}
# delimiter: ','
# meta: !!omap
# - {obs_latitude: 43.1928}
# - {obs_longitude: -81.3157}
# - {obs_elevation: 324.0000}
# - {origin: 'Mirfit'}
# - {camera_id: '02T'}
# - {cx: 900}
# - {cy: 900}
# - {photometric_band: 'STARS9TH_VBVRI R band'}
# - {image_file: 'ev_20191023_091225A_02T.vid'}
# - {isodate_start_obs: '2019-10-23T09:12:25.148258'}
# - {astrometry_number_stars: 52}
# - {mag_label: 'mag_data'}
# - {no_frags: 1}
# - {obs_az: 343.12457819242115}
# - {obs_ev: 45.43488432848846}
# - {obs_rot: 0.00000000000000}
# - {fov_horiz: 14.754961247941647}
# - {fov_vert: 14.752316747496725}
# schema: astropy-2.0
datetime,ra,dec,azimuth,altitude,x_image,y_image,integrated_pixel_value,mag_data
2019-10-23T09:12:25.532845,352.776848,+89.064071,358.876080,+43.119921,	554.506,	493.756,	530152,	+2.19
2019-10-23T09:12:25.542865,338.973184,+88.973834,358.828966,+42.870228,	549.038,	491.287,	625173,	+2.01
2019-10-23T09:12:25.552885,328.248766,+88.838650,358.781914,+42.628088,	548.229,	489.035,	538022,	+2.17
2019-10-23T09:12:25.562905,319.978334,+88.671435,358.734981,+42.385652,	547.292,	486.537,	460893,	+2.34
2019-10-23T09:12:25.572925,313.593087,+88.479851,358.687093,+42.139843,	544.406,	483.109,	384415,	+2.54
2019-10-23T09:12:25.582945,308.686082,+88.275091,358.640673,+41.895150,	542.184,	480.127,	341665,	+2.67
2019-10-23T09:12:25.592965,304.811998,+88.057430,358.593375,+41.647443,	538.227,	476.264,	258464,	+2.97
2019-10-23T09:12:25.602986,301.750579,+87.835358,358.547454,+41.402389,	535.894,	472.921,	209701,	+3.20
2019-10-23T09:12:25.613006,299.253836,+87.608497,358.502532,+41.157300,	533.527,	469.747,	208930,	+3.20
2019-10-23T09:12:25.623026,297.194631,+87.375047,358.456068,+40.909732,	529.791,	465.421,	175388,	+3.39
2019-10-23T09:12:25.633046,295.481004,+87.143575,358.412318,+40.666621,	528.681,	462.368,	135394,	+3.67
2019-10-23T09:12:25.643066,294.028404,+86.909164,358.368253,+40.422870,	527.257,	458.858,	116950,	+3.83
2019-10-23T09:12:25.653086,292.788798,+86.670024,358.322383,+40.176512,	524.410,	454.061,	96828,	+4.04
2019-10-23T09:12:25.663107,291.704065,+86.430926,358.278401,+39.931146,	522.131,	449.935,	64091,	+4.48
2019-10-23T09:12:25.673126,290.808119,+86.199329,358.234645,+39.695051,	525.513,	446.323,	47293,	+4.81
2019-10-23T09:12:25.683147,289.937289,+85.951718,358.190861,+39.442802,	519.152,	441.244,	17587,	+5.89
2019-10-23T09:12:25.693167,289.258039,+85.710646,358.142357,+39.199782,	518.748,	434.380,	7125,	+6.87
