Code/DynNestSampl/Validation_2fragm/20191023_091310_mir/2019-10-23T09_13_10_Mirfit_02T.ecsv
# %ECSV 0.9
# ---
# datatype:
# - {name: datetime, datatype: string}
# - {name: ra, unit: deg, datatype: float64}
# - {name: dec, unit: deg, datatype: float64}
# - {name: azimuth, datatype: float64}
# - {name: altitude, datatype: float64}
# - {name: x_image, unit: pix, datatype: float64}
# - {name: y_image, unit: pix, datatype: float64}
# - {name: integrated_pixel_value, datatype: int64}
# - {name: mag_data, datatype: float64}
# delimiter: ','
# meta: !!omap
# - {obs_latitude: 43.1928}
# - {obs_longitude: -81.3157}
# - {obs_elevation: 324.0000}
# - {origin: 'Mirfit'}
# - {camera_id: '02T'}
# - {cx: 900}
# - {cy: 900}
# - {photometric_band: 'STARS9TH_VBVRI R band'}
# - {image_file: 'ev_20191023_091310A_02T.vid'}
# - {isodate_start_obs: '2019-10-23T09:13:10.148258'}
# - {astrometry_number_stars: 52}
# - {mag_label: 'mag_data'}
# - {no_frags: 1}
# - {obs_az: 343.12457819242115}
# - {obs_ev: 45.43488432848846}
# - {obs_rot: 0.00000000000000}
# - {fov_horiz: 14.754961247941647}
# - {fov_vert: 14.752316747496725}
# schema: astropy-2.0
datetime,ra,dec,azimuth,altitude,x_image,y_image,integrated_pixel_value,mag_data
2019-10-23T09:13:10.493077,14.819102,+87.944932,357.427280,+43.769364,	528.695,	479.133,	667421,	+1.94
2019-10-23T09:13:10.503097,7.883736,+87.965692,357.388167,+43.522972,	523.384,	476.650,	637970,	+1.99
2019-10-23T09:13:10.513117,0.916500,+87.956423,357.349521,+43.276814,	518.236,	474.139,	597585,	+2.06
2019-10-23T09:13:10.523137,354.063864,+87.917534,357.311497,+43.028938,	512.060,	471.530,	535550,	+2.18
2019-10-23T09:13:10.533158,347.446249,+87.847516,357.271385,+42.776625,	503.376,	467.427,	477309,	+2.30
2019-10-23T09:13:10.543178,341.471150,+87.755534,357.235107,+42.531390,	498.795,	465.291,	401791,	+2.49
2019-10-23T09:13:10.553198,335.892060,+87.636689,357.196452,+42.279486,	490.360,	461.358,	349623,	+2.64
2019-10-23T09:13:10.563218,330.956571,+87.500027,357.158903,+42.031275,	484.147,	457.948,	307893,	+2.78
2019-10-23T09:13:10.573238,326.541695,+87.346386,357.121828,+41.782065,	477.345,	454.430,	274663,	+2.90
2019-10-23T09:13:10.583258,322.585022,+87.176487,357.084425,+41.529695,	468.702,	450.276,	209701,	+3.20
2019-10-23T09:13:10.593278,319.107641,+86.994418,357.046299,+41.277763,	460.421,	445.582,	206063,	+3.21
2019-10-23T09:13:10.603298,316.069768,+86.806728,357.010722,+41.030020,	454.566,	442.128,	167340,	+3.44
2019-10-23T09:13:10.613319,313.366349,+86.608046,356.973190,+40.779684,	447.329,	437.345,	112305,	+3.87
2019-10-23T09:13:10.623339,310.942820,+86.403022,356.937719,+40.528638,	439.566,	433.198,	106365,	+3.93
2019-10-23T09:13:10.633359,308.791540,+86.193273,356.902795,+40.278686,	432.478,	429.154,	73926,	+4.33
2019-10-23T09:13:10.643379,306.875877,+85.979395,356.867991,+40.029625,	425.971,	425.003,	78415,	+4.26
2019-10-23T09:13:10.653399,305.156139,+85.760372,356.832528,+39.779679,	419.022,	420.244,	59539,	+4.56
2019-10-23T09:13:10.663419,303.604880,+85.538603,356.797930,+39.530237,	412.368,	415.693,	26546,	+5.44
2019-10-23T09:13:10.673439,302.215588,+85.312442,356.761303,+39.280181,	405.534,	409.917,	37844,	+5.05
2019-10-23T09:13:10.683459,300.959284,+85.085396,356.725541,+39.031702,	399.647,	404.440,	21459,	+5.67
2019-10-23T09:13:10.693479,299.805989,+84.863686,356.695560,+38.789366,	397.117,	401.960,	15066,	+6.05
2019-10-23T09:13:10.703499,298.784670,+84.637935,356.660657,+38.546753,	394.815,	396.943,	3678,	+7.59
