Code/DynNestSampl/Validation_2fragm/20191023_091310_mir/2019-10-23T09_13_10_Mirfit_01T.ecsv
# %ECSV 0.9
# ---
# datatype:
# - {name: datetime, datatype: string}
# - {name: ra, unit: deg, datatype: float64}
# - {name: dec, unit: deg, datatype: float64}
# - {name: azimuth, datatype: float64}
# - {name: altitude, datatype: float64}
# - {name: x_image, unit: pix, datatype: float64}
# - {name: y_image, unit: pix, datatype: float64}
# - {name: integrated_pixel_value, datatype: int64}
# - {name: mag_data, datatype: float64}
# delimiter: ','
# meta: !!omap
# - {obs_latitude: 43.2642}
# - {obs_longitude: -80.7721}
# - {obs_elevation: 329.0000}
# - {origin: 'Mirfit'}
# - {camera_id: '01T'}
# - {cx: 900}
# - {cy: 900}
# - {photometric_band: 'STARS9TH_VBVRI R band'}
# - {image_file: 'ev_20191023_091310A_01T.vid'}
# - {isodate_start_obs: '2019-10-23T09:13:10.252349'}
# - {astrometry_number_stars: 52}
# - {mag_label: 'mag_data'}
# - {no_frags: 1}
# - {obs_az: 327.29908282045125}
# - {obs_ev: 47.47982799508988}
# - {obs_rot: 0.00000000000000}
# - {fov_horiz: 14.754961247941647}
# - {fov_vert: 14.752316747496725}
# schema: astropy-2.0
datetime,ra,dec,azimuth,altitude,x_image,y_image,integrated_pixel_value,mag_data
2019-10-23T09:13:10.497477,6.185464,+70.885555,333.915571,+42.768111,	542.974,	424.006,	1,	+16.50
2019-10-23T09:13:10.507497,5.432251,+70.861949,333.947442,+42.521447,	538.829,	420.628,	1,	+16.50
2019-10-23T09:13:10.517517,4.693626,+70.835236,333.977838,+42.278838,	537.062,	417.146,	1,	+16.50
2019-10-23T09:13:10.527537,3.927413,+70.804668,334.009669,+42.026508,	529.700,	413.200,	1,	+16.50
2019-10-23T09:13:10.537557,3.185392,+70.771836,334.040227,+41.781338,	526.437,	409.578,	1,	+16.50
2019-10-23T09:13:10.547577,2.448310,+70.737125,334.071721,+41.537193,	523.651,	406.504,	1,	+16.50
2019-10-23T09:13:10.557597,1.706987,+70.698816,334.102903,+41.290670,	519.535,	403.070,	1,	+16.50
2019-10-23T09:13:10.567617,0.973304,+70.657390,334.133130,+41.045606,	516.299,	399.438,	1,	+16.50
2019-10-23T09:13:10.577637,0.251160,+70.614109,334.163474,+40.803514,	514.699,	396.229,	1,	+16.50
2019-10-23T09:13:10.587657,359.520069,+70.567505,334.194509,+40.557409,	510.766,	392.892,	1,	+16.50
2019-10-23T09:13:10.597677,358.775131,+70.516072,334.225174,+40.305218,	503.428,	388.742,	1,	+16.50
2019-10-23T09:13:10.607697,358.040386,+70.461235,334.254295,+40.054911,	497.261,	384.177,	1,	+16.50
2019-10-23T09:13:10.617717,357.320430,+70.403500,334.281771,+39.808023,	493.136,	379.321,	1,	+16.50
2019-10-23T09:13:10.627737,356.591893,+70.344275,334.312546,+39.557535,	486.679,	375.501,	1,	+16.50
2019-10-23T09:13:10.637757,355.891462,+70.286868,334.345304,+39.316198,	485.158,	373.612,	1,	+16.50
2019-10-23T09:13:10.647777,355.176254,+70.222506,334.375594,+39.067416,	479.656,	369.838,	1,	+16.50
2019-10-23T09:13:10.657797,354.509734,+70.157570,334.401392,+38.833396,	482.821,	365.816,	1,	+16.50
2019-10-23T09:13:10.667817,353.775668,+70.081029,334.427825,+38.573289,	471.266,	359.108,	1,	+16.50
