Code/Utils/met2ecsv_test_cases/2021/2021-08-13T06_14_53_Mirfit_01T.ecsv
# %ECSV 0.9
# ---
# datatype:
# - {name: datetime, datatype: string}
# - {name: ra, unit: deg, datatype: float64}
# - {name: dec, unit: deg, datatype: float64}
# - {name: azimuth, datatype: float64}
# - {name: altitude, datatype: float64}
# - {name: x_image, unit: pix, datatype: float64}
# - {name: y_image, unit: pix, datatype: float64}
# - {name: integrated_pixel_value, datatype: int64}
# - {name: mag_data, datatype: float64}
# delimiter: ','
# meta: !!omap
# - {obs_latitude: 43.2642}
# - {obs_longitude: -80.7721}
# - {obs_elevation: 329.0000}
# - {origin: 'Mirfit'}
# - {camera_id: '01T'}
# - {cx: 65536}
# - {cy: 65536}
# - {photometric_band: 'STARS9TH_VBVRI R band'}
# - {image_file: 'ev_20210813_061453A_01T.vid'}
# - {isodate_start_obs: '2021-08-13T06:14:53.444636'}
# - {astrometry_number_stars: 52}
# - {mag_label: 'mag_data'}
# - {no_frags: 1}
# - {obs_az: 327.44289522702906}
# - {obs_ev: 47.81162785425014}
# - {obs_rot: 0.00000000000000}
# - {fov_horiz: 14.754961247941647}
# - {fov_vert: 14.752316747496725}
# schema: astropy-2.0
datetime,ra,dec,azimuth,altitude,x_image,y_image,integrated_pixel_value,mag_data
2021-08-13T06:14:53.178363,248.799350,+70.135868,333.076663,+41.403947,	455.015,	467.298,	707946,	+1.88
2021-08-13T06:14:53.188383,248.678707,+69.964036,332.868185,+41.321856,	456.312,	459.090,	624597,	+2.01
2021-08-13T06:14:53.198403,248.561741,+69.790818,332.658355,+41.239632,	457.927,	450.111,	598687,	+2.06
2021-08-13T06:14:53.208423,248.446357,+69.617707,332.449328,+41.156966,	459.504,	441.243,	640324,	+1.98
2021-08-13T06:14:53.218443,248.328120,+69.442488,332.238795,+41.071795,	460.112,	431.252,	674217,	+1.93
2021-08-13T06:14:53.228463,248.213968,+69.268383,332.030064,+40.987299,	461.205,	421.926,	673597,	+1.93
2021-08-13T06:14:53.238483,248.100426,+69.091957,331.819156,+40.901408,	462.006,	411.316,	660693,	+1.95
2021-08-13T06:14:53.248503,247.987115,+68.915980,331.609668,+40.814728,	462.520,	401.029,	668652,	+1.94
2021-08-13T06:14:53.258523,247.879439,+68.737090,331.396618,+40.728224,	463.742,	389.055,	614328,	+2.03
2021-08-13T06:14:53.268543,247.769337,+68.558401,331.185023,+40.639952,	464.140,	377.292,	572796,	+2.11
2021-08-13T06:14:53.278563,247.662632,+68.378744,330.972625,+40.551626,	464.866,	364.988,	547520,	+2.15
2021-08-13T06:14:53.288583,247.555141,+68.199433,330.761656,+40.462156,	465.108,	352.957,	552077,	+2.14
2021-08-13T06:14:53.298604,247.450765,+68.020042,330.551026,+40.372817,	465.670,	340.908,	559758,	+2.13
2021-08-13T06:14:53.308623,247.345588,+67.840470,330.341162,+40.282195,	465.724,	328.809,	547016,	+2.15
2021-08-13T06:14:53.318644,247.243292,+67.659026,330.129418,+40.191115,	466.002,	315.669,	428549,	+2.42
2021-08-13T06:14:53.328664,247.141816,+67.477753,329.918647,+40.099449,	466.137,	302.668,	309599,	+2.77
2021-08-13T06:14:53.338684,247.040789,+67.295226,329.707134,+40.006636,	466.000,	289.000,	241657,	+3.04
2021-08-13T06:14:53.348704,246.944921,+67.111671,329.494426,+39.914481,	466.626,	274.714,	183823,	+3.34
2021-08-13T06:14:53.358724,246.845559,+66.929586,329.284971,+39.820582,	466.239,	261.393,	157326,	+3.51
2021-08-13T06:14:53.368744,246.752119,+66.746182,329.073812,+39.727572,	466.792,	247.270,	122236,	+3.78
2021-08-13T06:14:53.378764,246.658209,+66.564147,328.865280,+39.633942,	467.000,	234.000,	83253,	+4.20
