Code/Utils/met2ecsv_test_cases/2021/2021-08-13T06_14_53_Mirfit_01T.ecsv
# %ECSV 0.9
# ---
# datatype:
# - {name: datetime, datatype: string}
# - {name: ra, unit: deg, datatype: float64}
# - {name: dec, unit: deg, datatype: float64}
# - {name: azimuth, datatype: float64}
# - {name: altitude, datatype: float64}
# - {name: x_image, unit: pix, datatype: float64}
# - {name: y_image, unit: pix, datatype: float64}
# - {name: integrated_pixel_value, datatype: int64}
# - {name: mag_data, datatype: float64}
# delimiter: ','
# meta: !!omap
# - {obs_latitude: 43.2642}
# - {obs_longitude: -80.7721}
# - {obs_elevation: 329.0000}
# - {origin: 'Mirfit'}
# - {camera_id: '01T'}
# - {cx: 900}
# - {cy: 900}
# - {photometric_band: 'STARS9TH_VBVRI R band'}
# - {image_file: 'ev_20210813_061453A_01T.vid'}
# - {isodate_start_obs: '2021-08-13T06:14:53.444636'}
# - {astrometry_number_stars: 52}
# - {mag_label: 'mag_data'}
# - {no_frags: 1}
# - {obs_az: 327.44289522702906}
# - {obs_ev: 47.81162785425014}
# - {obs_rot: 0.00000000000000}
# - {fov_horiz: 14.754961247941647}
# - {fov_vert: 14.752316747496725}
# schema: astropy-2.0
datetime,ra,dec,azimuth,altitude,x_image,y_image,integrated_pixel_value,mag_data
2021-08-13T06:14:53.312126,248.747747,+70.131462,333.076663,+41.403947,	455.015,	467.298,	707946,	+1.88
2021-08-13T06:14:53.322146,248.627438,+69.959540,332.868185,+41.321856,	456.312,	459.090,	624597,	+2.01
2021-08-13T06:14:53.332166,248.510803,+69.786232,332.658355,+41.239632,	457.927,	450.111,	598687,	+2.06
2021-08-13T06:14:53.342186,248.395745,+69.613032,332.449328,+41.156966,	459.504,	441.243,	640324,	+1.98
2021-08-13T06:14:53.352206,248.277828,+69.437722,332.238795,+41.071795,	460.112,	431.252,	674217,	+1.93
2021-08-13T06:14:53.362226,248.163990,+69.263529,332.030064,+40.987299,	461.205,	421.926,	673597,	+1.93
2021-08-13T06:14:53.372246,248.050760,+69.087011,331.819156,+40.901408,	462.006,	411.316,	660693,	+1.95
2021-08-13T06:14:53.382266,247.937753,+68.910945,331.609668,+40.814728,	462.520,	401.029,	668652,	+1.94
2021-08-13T06:14:53.392286,247.830383,+68.731964,331.396618,+40.728224,	463.742,	389.055,	614328,	+2.03
2021-08-13T06:14:53.402306,247.720579,+68.553185,331.185023,+40.639952,	464.140,	377.292,	572796,	+2.11
2021-08-13T06:14:53.412326,247.614168,+68.373437,330.972625,+40.551626,	464.866,	364.988,	547520,	+2.15
2021-08-13T06:14:53.422346,247.506964,+68.194036,330.761656,+40.462156,	465.108,	352.957,	552077,	+2.14
2021-08-13T06:14:53.432367,247.402871,+68.014555,330.551026,+40.372817,	465.670,	340.908,	559758,	+2.13
2021-08-13T06:14:53.442386,247.297971,+67.834892,330.341162,+40.282195,	465.724,	328.809,	547016,	+2.15
2021-08-13T06:14:53.452407,247.195950,+67.653358,330.129418,+40.191115,	466.002,	315.669,	428549,	+2.42
2021-08-13T06:14:53.462427,247.094743,+67.471994,329.918647,+40.099449,	466.137,	302.668,	309599,	+2.77
2021-08-13T06:14:53.472447,246.993981,+67.289376,329.707134,+40.006636,	466.000,	289.000,	241657,	+3.04
2021-08-13T06:14:53.482467,246.898377,+67.105731,329.494426,+39.914481,	466.626,	274.714,	183823,	+3.34
2021-08-13T06:14:53.492487,246.799269,+66.923554,329.284971,+39.820582,	466.239,	261.393,	157326,	+3.51
2021-08-13T06:14:53.502507,246.706082,+66.740061,329.073812,+39.727572,	466.792,	247.270,	122236,	+3.78
2021-08-13T06:14:53.512527,246.612418,+66.557935,328.865280,+39.633942,	467.000,	234.000,	83253,	+4.20
