Code/DynNestSampl/Validation_2fragm/20201017_074007_mir/2020-10-17T07_40_07_Mirfit_02T.ecsv
# %ECSV 0.9
# ---
# datatype:
# - {name: datetime, datatype: string}
# - {name: ra, unit: deg, datatype: float64}
# - {name: dec, unit: deg, datatype: float64}
# - {name: azimuth, datatype: float64}
# - {name: altitude, datatype: float64}
# - {name: x_image, unit: pix, datatype: float64}
# - {name: y_image, unit: pix, datatype: float64}
# - {name: integrated_pixel_value, datatype: int64}
# - {name: mag_data, datatype: float64}
# delimiter: ','
# meta: !!omap
# - {obs_latitude: 43.1928}
# - {obs_longitude: -81.3157}
# - {obs_elevation: 324.0000}
# - {origin: 'Mirfit'}
# - {camera_id: '02T'}
# - {cx: 900}
# - {cy: 900}
# - {photometric_band: 'STARS9TH_VBVRI R band'}
# - {image_file: 'ev_20201017_074007A_02T.vid'}
# - {isodate_start_obs: '2020-10-17T07:40:07.205486'}
# - {astrometry_number_stars: 52}
# - {mag_label: 'mag_data'}
# - {no_frags: 1}
# - {obs_az: 343.91199409026945}
# - {obs_ev: 42.55141692871308}
# - {obs_rot: 0.00000000000000}
# - {fov_horiz: 14.754961247941647}
# - {fov_vert: 14.752316747496725}
# schema: astropy-2.0
datetime,ra,dec,azimuth,altitude,x_image,y_image,integrated_pixel_value,mag_data
2020-10-17T07:40:07.770982,353.367957,+82.069521,349.690789,+45.884691,	487.400,	514.700,	1,	+16.50
2020-10-17T07:40:07.781002,351.568027,+82.015670,349.521264,+45.658998,	482.400,	513.900,	1,	+16.50
2020-10-17T07:40:07.791022,349.794283,+81.952165,349.350368,+45.433563,	478.000,	512.000,	1,	+16.50
2020-10-17T07:40:07.801042,348.025827,+81.881934,349.181001,+45.204418,	471.600,	509.700,	1,	+16.50
2020-10-17T07:40:07.811062,346.295665,+81.803182,349.011770,+44.976109,	466.000,	507.000,	1,	+16.50
2020-10-17T07:40:07.821082,344.597340,+81.718421,348.845528,+44.747066,	460.000,	504.900,	1,	+16.50
2020-10-17T07:40:07.831103,342.946354,+81.627325,348.681790,+44.519425,	454.900,	503.500,	1,	+16.50
2020-10-17T07:40:07.841123,341.308336,+81.526296,348.514519,+44.288290,	448.400,	499.600,	1,	+16.50
2020-10-17T07:40:07.851143,339.716681,+81.419410,348.349728,+44.057900,	442.400,	496.300,	1,	+16.50
2020-10-17T07:40:07.861163,338.147008,+81.305142,348.184782,+43.824557,	435.000,	492.000,	1,	+16.50
2020-10-17T07:40:07.871183,336.636342,+81.186294,348.023351,+43.593699,	429.000,	489.000,	1,	+16.50
2020-10-17T07:40:07.881203,335.155643,+81.061923,347.863747,+43.360946,	422.000,	486.000,	1,	+16.50
2020-10-17T07:40:07.891223,333.713884,+80.930093,347.703015,+43.127480,	415.000,	481.900,	1,	+16.50
2020-10-17T07:40:07.901244,332.329937,+80.793626,347.544298,+42.896425,	409.500,	478.500,	1,	+16.50
2020-10-17T07:40:07.911264,330.977535,+80.653745,347.389335,+42.663878,	403.000,	476.000,	1,	+16.50
2020-10-17T07:40:07.921284,329.664154,+80.505793,347.231411,+42.430457,	396.600,	471.600,	1,	+16.50
2020-10-17T07:40:07.931304,328.387977,+80.355150,347.077525,+42.196628,	389.800,	468.400,	1,	+16.50
2020-10-17T07:40:07.941324,327.140004,+80.196426,346.920634,+41.960019,	382.000,	463.000,	1,	+16.50
2020-10-17T07:40:07.951344,325.949418,+80.035564,346.766987,+41.726647,	376.000,	459.000,	1,	+16.50
2020-10-17T07:40:07.961364,324.796615,+79.872298,346.616637,+41.493455,	370.000,	456.000,	1,	+16.50
2020-10-17T07:40:07.971384,323.661592,+79.703461,346.466377,+41.256381,	362.000,	452.000,	1,	+16.50
2020-10-17T07:40:07.981405,322.567696,+79.528682,346.314212,+41.019302,	354.500,	446.700,	1,	+16.50
2020-10-17T07:40:07.991425,321.525678,+79.352108,346.164252,+40.785388,	348.836,	442.378,	1,	+16.50
2020-10-17T07:40:08.001445,320.508127,+79.174315,346.018723,+40.550272,	342.204,	439.392,	1,	+16.50
